8.839037655235721047e+00 2.534001359977411383e-01 1.303311808954010775e+00
2.686057360347685830e+00 9.269360388006809615e+00 3.581245193539074556e+00
6.176092292227242098e-01 4.849904057128737733e+00 5.447769305332701428e+00
9.545926193654310055e+00 2.962202706724640144e+00 1.406509896081453714e-01
3.058211558720627998e+00 6.894429829720396086e+00 3.568224355398594838e+00
4.095728052474657765e+00 8.747250900369989424e+00 8.948779450298543381e+00
1.325215489311112327e+00 9.772419206633639277e+00 9.340799388006001180e+00
3.750939054577455689e+00 1.206382050191416866e+00 1.062261811132088063e+00
6.177228135171607626e+00 5.742634466956848982e+00 3.382819003381212219e+00
3.333941651304498599e+00 2.717373323145590991e+00 6.128738233136110658e+00
4.536838766177420101e-01 8.489616957092678717e+00 1.761254349416050413e+00
6.424167165548211322e+00 9.143156088931206682e+00 6.182430207125624300e+00
8.457979990903726986e+00 4.742024202590284787e+00 9.935227524527066478e+00
8.094583335530572299e+00 2.257734615953574941e+00 7.203331170030651265e+00
6.675916901593259567e+00 6.983692556240259641e+00 1.114292901784487144e+00
8.427607426884575759e-01 4.680922329432986473e+00 6.974487359592568936e+00
6.003030171974313767e+00 2.359412383358032717e+00 2.417783409555723573e+00
2.947552211528408073e+00 6.736674993628670727e+00 5.940090161481959008e-01
3.196010927064452112e-01 3.759833164425078422e+00 8.498637901948519868e+00
2.464097526437610597e+00 6.241614498279286494e+00 4.086276627253752736e+00
8.111102128168891312e+00 2.975102071146764615e+00 3.181506751065198202e+00
3.647272301547119788e+00 5.822782544289636597e+00 8.407572024088526774e+00
1.098582009783282132e+00 4.407110012173349745e+00 8.973748023818247432e+00
9.856299284691838469e-01 1.069144758614003488e+00 7.088716161784605951e+00
1.257983471275896381e+00 3.383444458063755711e+00 7.801841773268181068e-01
1.049477633753986838e+00 9.259630940105740393e+00 5.194974945149931855e+00
1.840432632208236496e+00 3.485909364866262905e+00 2.197036269736592828e+00
1.900930480367850617e+00 1.242909905384116387e+00 6.142503044596950623e+00
2.930230245239608955e+00 7.896766673596068209e+00 1.949518912111237734e+00
6.222934755498373605e+00 3.123169251659337675e+00 4.868218550581909554e+00
1.927165666133626720e+00 9.428962402110492746e+00 3.585524411437179815e+00
6.658334875851068535e-01 8.942553822641121641e+00 1.527314551126975894e+00
7.453175711021042815e-01 7.038625964687076575e+00 6.953285333995473660e-01
6.319482463425799779e+00 4.041118611063946986e+00 5.935389591050271640e+00
7.597534701159660564e+00 7.591838903518351778e+00 2.463729870127568944e+00
4.217778238269199953e+00 6.643686497482068631e+00 6.887993961273873644e+00
4.781292292546032385e+00 1.730509836219380482e+00 3.224653522795097871e+00
7.810614462602777586e+00 9.859877523700678381e+00 6.172273948686490819e+00
6.389950064161360466e+00 8.597724151019130900e+00 3.964133879955547890e+00
7.719183316749847812e+00 7.081725740869950769e+00 1.023076892601693100e-01
6.131882750368561119e+00 2.099833585604019781e+00 7.536563094751447256e-01
9.276087970725052756e+00 6.762647021781832635e+00 5.932119642063097942e+00
4.694916306339554701e+00 6.190608218467127166e+00 7.818434215939436882e+00
1.304021341898983222e+00 4.971784318495201305e+00 1.080095728611499828e+00
1.693676380221166289e+00 5.751180071667451266e+00 6.421103466683685035e+00
3.147119868615433358e-01 2.561625649512343728e+00 4.495723501267045563e+00
5.175407239405638293e-01 6.080172489987256679e-01 8.741284755160696918e+00
3.481937092780804655e+00 7.264425444301730650e+00 1.338934076536479889e+00
1.192078404969040273e+00 9.519665252109621889e+00 4.887406839749860232e+00
3.923234330905713829e+00 1.099948764936625745e+00 8.565328804002160012e+00
7.252141413630113220e+00 5.195814484322731630e+00 3.163294724008568259e+00
3.560832487293467352e+00 1.753319363994920721e-01 1.537093987288256081e+00
1.275147677316005312e+00 1.224407467237734748e+00 4.967560871214671270e-01
5.766272296736794090e+00 2.207442854764078977e+00 8.633216663852149253e+00
3.830369122953543037e+00 8.335740282461285844e+00 2.038710574585704816e+00
4.477366039639459672e+00 9.423075424222194130e+00 7.077681346533087670e+00
9.006537556480685325e+00 2.173718116068550366e+00 5.296211821559221100e+00
4.010577626139895102e+00 8.482841372062946306e+00 6.660209470663804865e+00
2.996745739276562848e-01 5.923908588746371606e+00 8.987317783688453687e+00
9.763976272337493434e-02 1.298636017622055716e+00 1.291518753720899415e+00
1.211151762772866292e-01 5.637417383613985145e+00 2.374058793402556766e+00
1.637023746058063889e-01 5.520208999267190997e+00 6.379939228014452013e+00
7.702305415288705603e+00 5.442073405755732729e+00 7.905421470401368111e+00
1.625916671023169835e+00 2.964268296485337295e+00 5.232836516115372483e+00
8.344357589322989099e+00 5.269981469492316606e+00 3.373003265487595215e-01
3.181912145342855602e+00 2.671532240907414923e-01 2.378190807851565669e-01
9.020761107839472714e+00 8.863529901778821607e-01 5.825784970009513231e+00
2.053270552887037859e+00 7.531409136954017036e+00 4.174289142083797977e+00
7.905503767113848390e+00 2.105003705646157908e-01 6.475266375514040718e+00
1.862768179361905529e+00 5.030491854269652841e+00 2.304482146140636178e+00
1.242309945955565320e+00 3.734641816446875318e+00 3.644262141157378565e+00
5.597738569937752651e+00 4.098295629547296315e+00 7.624750680598442187e+00
5.978064562165133822e+00 9.209815625103264125e+00 4.623796890993613573e+00
3.876980069980688892e+00 5.499251684245722416e+00 5.893339570834274177e+00
6.068308091680933103e+00 3.382464185846285609e+00 1.806138294029278057e+00
7.044233661615195707e+00 2.397504540245611881e+00 8.201302308552630649e+00
2.802619080001456986e+00 6.449111020937636773e-01 9.157239036693267664e+00
9.260662137300048613e+00 4.869134384755403389e+00 3.924847581846795386e+00
5.990455828901053437e-01 9.080134743254152596e+00 1.526662674943317644e+00
4.361784388573227034e+00 4.577901855621901994e-01 7.064698003762000411e+00
7.127432407668341519e+00 2.458548794307869656e+00 7.602672172581853793e+00
8.578465012321746741e+00 8.316107571933166298e+00 5.000767698308616893e-01
8.275298072484551071e+00 9.984142614178791675e+00 8.572238340597280626e+00
9.261295642151509355e+00 6.860251980576586917e+00 8.886231874092839433e+00
9.722668120552746984e+00 2.139171079322226277e+00 1.958145192445969185e+00
5.797753220715497591e+00 9.440713807538225311e+00 6.096010193501568253e+00
2.301633414992529936e+00 8.237791041813853354e+00 8.102293059008387033e+00
2.973886827175232561e+00 2.546667938534556974e+00 8.582419652656707143e+00
1.037476344056665889e+00 7.857898325450727306e+00 6.603061506087159138e+00
6.454444556788876852e+00 8.019041197647776897e+00 3.126180416738018941e+00
9.153032656628351305e+00 4.504148550253395111e-01 4.947445668415602071e+00
4.490059133199163277e+00 2.601492072749894469e+00 3.667625502746968635e+00
8.185722036295510762e+00 3.470139075676115237e+00 2.850713377106163016e+00
9.376595625116694421e+00 6.072092200427225972e-01 6.975560377962660930e+00
3.534787091602597187e+00 7.616251421358808393e+00 3.210211166840426511e+00
6.955384681327503316e+00 5.129617664562573509e+00 5.168375454230894839e+00
9.424671429035524906e-01 1.205436657243292853e+00 2.308802066989237289e+00
9.015162205121956873e+00 1.493633732461687735e+00 2.652539345171139651e+00
5.734039884146313604e+00 7.639010236466491577e+00 8.742520720993123717e+00
8.321615898808520484e+00 7.206539312319378610e+00 4.190177260546686711e+00
3.539353620639358322e+00 9.352277633242476185e+00 2.192537035828595826e+00
3.317170023868558637e+00 9.634781733895287914e+00 6.604134637763097615e+00
1.591256962506931716e+00 1.095923580630269178e+00 4.259946804838175893e+00
9.446128134844538948e+00 9.704435012201154009e+00 7.845003967157895275e+00
3.303745863100017388e+00 7.874499417648715749e+00 9.280553182747260266e+00
3.316656039390647237e+00 4.196111149165629328e+00 3.821338614152084645e+00
4.718104826747686609e+00 5.115087432581061577e+00 2.569548892260131723e-02
5.984533066866182693e+00 5.041587076323891026e+00 7.150266968909840593e+00
9.439146800625149325e+00 8.624825523043760711e+00 1.126805997024563633e+00
3.118624613213846430e+00 2.191646518204732885e+00 5.702628566032297286e-01
2.551382503286869774e+00 5.056006598490601966e+00 5.023139082975491831e-01
1.545890033336716485e-01 9.340662752787013190e+00 8.201464235013308013e+00
1.309250567775291918e+00 1.165862340885875925e+00 1.763567908523728800e+00
8.634844208834600465e+00 1.642713210022667125e+00 4.745628805209697099e+00
5.212597582181210498e+00 2.452933973491239428e+00 1.504094845885992626e+00
4.941664590799620171e+00 2.780254237273308782e+00 2.709087409405896096e+00
2.751239272605814357e+00 9.591508672807986358e+00 7.484848579450599004e+00
6.957294773335105376e+00 9.033798229496287746e+00 3.716438099609866708e+00
6.803497243575640230e-01 2.303031735357628840e+00 3.291892081366697198e+00
3.640914498306853098e+00 8.966587638525698623e+00 4.312029008025650256e+00
6.384828860214915025e+00 5.213230724744724043e+00 6.180002393154238938e+00
1.986189011082968303e+00 4.336480005727455733e+00 5.741976199277337933e+00
2.965334090572259385e+00 5.245013718937686420e+00 8.227069184267966406e+00
7.840037446559323442e+00 8.959158399666243611e+00 9.217822318124520464e+00
5.740274863360038893e+00 5.358455711702686308e+00 6.721277939901232124e+00
6.826659976677365904e+00 9.745572647205202443e+00 6.327648850768965438e+00
3.741389164375263920e+00 2.760068870547142339e+00 9.139233676321371291e+00
9.071153606057013263e+00 7.669136971951314941e+00 6.193391177643556844e+00
1.305789983273031307e+00 9.279553465350060648e+00 3.755354846168512672e-02
2.784321475531623680e+00 6.163767962653827759e+00 4.314094294233568050e+00
3.497541058865549779e+00 5.331124824161933340e+00 6.211342632960842103e+00
4.351463844284340077e+00 7.789073266786930461e+00 2.877261027812934024e+00
3.522290329716506463e+00 1.635163444463474391e+00 9.771299866297711745e+00
6.977184578381930180e+00 4.080027812273611332e+00 8.986525734485420358e+00
6.365745958623173273e+00 7.596194703532713532e+00 5.717096728681231532e+00
2.555047676742732143e+00 1.250682178348437867e+00 6.640186320505958584e-01
7.891015260647483487e+00 8.573108939227086722e+00 4.236102296564526526e+00
2.393318944345506072e+00 9.182679650949760131e+00 2.286161296300814882e+00
8.848484311719031936e+00 3.230913578732494962e+00 4.668640308434178543e+00
1.482057950810944380e-01 9.183268234248581408e+00 6.998053266103693382e+00
8.731092337027753558e+00 1.735666964468248752e+00 3.895517557582556023e+00
4.788172159364865621e+00 5.388830510500220328e+00 6.708499396662998215e+00
5.005650468570932432e-02 1.640587288108086295e+00 5.486608897471184854e+00
4.047338728250653439e+00 3.989049440494590648e+00 5.762481330669105617e+00
9.099211039740250584e+00 7.658224920024325755e-01 1.661008369528450546e+00
8.773248457662418787e+00 1.870218944912127590e+00 7.961145064865288390e+00
3.018020965689517610e+00 8.367580698876334822e+00 8.937540907358364706e+00
2.264418782858342638e+00 3.806692503732556077e-02 3.859496655697088663e+00
9.027514043250668863e+00 8.744577648282980675e+00 1.878475050164160054e+00
1.424519517576172678e+00 9.219386191722019674e+00 3.553862591243996949e+00
6.322993650722910530e+00 3.728507478917189921e+00 4.991221546229263062e-01
9.851857369046413737e+00 4.742666150448659579e+00 2.275576199497631791e+00
1.545434905995883845e+00 7.882779962863670775e+00 2.176296697286479453e+00
1.634679537347871747e-01 4.608728499693058644e+00 4.022210551873839357e-01
2.741040372827008298e-01 5.900853980750198069e+00 4.315767115486583982e+00
3.795306749163956717e+00 6.567862069718075624e+00 3.198746054454848498e-01
8.902868495352793232e+00 9.371112250641356667e+00 1.386630813549178942e+00
9.951347555822248836e+00 1.918095403309383329e+00 6.649414814090553350e+00
6.169550528098240783e+00 2.226112870630264418e+00 2.694744803702449065e+00
3.183142396458256140e+00 4.984980328272730077e+00 7.869833129495064306e+00
6.203796693427272579e+00 3.898990655952156992e+00 2.043715990828003370e+00
1.186204183167327564e-01 7.292496529560925644e+00 2.965656208638477231e+00
8.009646913162582482e-01 1.615194732565224944e+00 5.015447054938996452e+00
1.028800721945573038e+00 4.495099846965032953e+00 3.966163435924857872e+00
1.773775674086806031e+00 5.612455759776247888e+00 5.379216329339310043e+00
1.708502071061975824e+00 6.149348068168318804e+00 6.422978558041045893e+00
2.253966751653497802e+00 9.923954722841422438e+00 9.613913027623055552e-01
7.876738265583082210e+00 5.731445961451020477e-01 7.869758643136655074e+00
4.375947640624163526e+00 9.811175919917882737e+00 5.319233180041937903e-01
6.189121652875644308e+00 6.619197117789345164e+00 7.729582130067322865e+00
2.437300830897343396e+00 1.806298014138437713e+00 1.728526799669946046e+00
9.406428942808656046e+00 8.993705367931996264e+00 9.607209878101318878e+00
6.663305585255566044e+00 3.893619655694337212e+00 5.142357846511478314e+00
8.994102305859120960e+00 9.271696617958193443e+00 3.479356622740744420e+00
4.077483546678716486e+00 7.023274872218405740e+00 4.876396698794013496e+00
6.601492414299792166e-01 3.822213310011913556e+00 7.414373027945369898e+00
3.017984187913764771e+00 4.245703633458038695e+00 3.398906671867185647e+00
8.591778375226761355e+00 9.711784598053988304e+00 3.694867248418682859e+00
2.496015169540518386e+00 9.799879379418916514e+00 3.250226009159208118e+00
2.502612085468895131e+00 1.867647102562189909e+00 2.734179133831311503e+00
6.481712041103453004e+00 4.733882588003277547e+00 5.721696331481611608e+00
7.199259974308147569e-02 1.573820815926355587e+00 4.470381587786556032e+00
5.057026905766988989e+00 4.274346537754009745e+00 2.145430027165526887e+00
2.653822378147654426e+00 6.781860310110349843e+00 5.984756913793765065e+00
8.535877865886025262e+00 6.112827372517903868e+00 4.233113971094761396e+00
9.593277472438291653e+00 4.702927007090416112e+00 9.833147748396109833e+00
2.995431921984277324e+00 6.216154032627780879e+00 9.350092979101987112e-01
1.009564061601258000e+00 3.953779622682649375e+00 8.469650660702045641e+00
8.911924543836514445e+00 5.484137675981929583e+00 1.629965341343936336e+00
2.185040187568439762e+00 3.929051922097571925e+00 2.234391713943215674e+00
7.371029288929187295e-02 6.251171095579516113e+00 5.440327868653365151e+00
3.430726708008586812e+00 7.753329534899055631e+00 3.265221025622597750e+00
3.664748981278567186e+00 5.469569953033969867e+00 9.663909703644456783e+00
2.650013775705456709e+00 2.298983431773265806e+00 3.399102754833941198e+00
8.247789964775877891e+00 5.947059986699637868e+00 2.089887308091066487e+00
6.523260441801380871e+00 7.624962717642444154e+00 5.603048296045018084e+00
2.646938704755379401e+00 6.486563097255847232e+00 6.411752109425338020e+00
2.175241739974001831e+00 8.517863650196282777e+00 1.155662310703764462e-01
2.919250694895834108e+00 1.378743335920498136e+00 7.464359900745018095e+00
4.084973878070545794e+00 8.228887140037485892e+00 8.533870961995919657e+00
7.543967919377186249e+00 3.433081452313386794e+00 5.333910488225505730e+00
4.615220018164202465e+00 5.318535343399447335e+00 8.613711347938503238e+00
2.505914702826905760e-01 4.486144919921142282e-01 9.961806305965323460e+00
6.816516949130048353e+00 6.671921935798414083e+00 8.915864548911169862e+00
4.227399599199523017e+00 4.127149066234120589e+00 2.673944285225602346e+00
2.697601625568462058e+00 1.829184167420916385e-01 8.565552941262350117e+00
9.515269827764516464e-04 6.049721966073318136e-01 8.821572503431486467e+00
2.769613050985105573e+00 9.600302281415665107e+00 7.722231208891633614e+00
4.956583525949569413e+00 3.447180206642316058e+00 8.199725780185209700e+00
4.306594512958899834e+00 3.673136825316674070e+00 5.743962817721650183e+00
4.202726825176145375e+00 2.940831283509904637e+00 9.439676566511744582e+00
6.045219174637511905e+00 8.945946514463871679e+00 5.957585804666941875e+00
8.954623152476829162e+00 1.120293631781752453e+00 6.705353605483654889e+00
8.755532603252971668e+00 1.987040397112072032e+00 7.650813493841866375e+00
4.280333190339732141e+00 2.552058041867990568e+00 8.523634229842990351e+00
4.610556411861742809e+00 5.981482897861080339e+00 2.130814759467087871e+00
1.578058781709330560e+00 9.088135757138390503e+00 9.714540220900558243e-01
6.551596520039938198e+00 5.014179443108500500e+00 8.317549611212529115e+00
1.994863044568691013e+00 5.719837170407874538e+00 1.381955065119957471e+00
3.579698943589026072e+00 6.600843865873180505e+00 2.094339029668201846e-01
1.095251629608330335e+00 7.604682999782804487e+00 7.116583703445769515e+00
6.605452567435995626e+00 9.443261884733744616e-01 2.793904652496440377e+00
9.843686570352728538e+00 1.174112796748653098e+00 7.928517073169603080e+00
5.555979168543178304e+00 9.827518296811865284e+00 1.157686644479639648e+00
6.522835525813897029e+00 2.303892713227466693e+00 5.637177207285573033e+00
7.800498305411159627e+00 3.173468167446269472e-01 4.419332958323307636e+00
9.845474483767768348e+00 3.352454854023194653e+00 3.641714531376964992e+00
9.637708734359812013e+00 6.639970289457934882e+00 9.058888856144161394e+00
3.836061913880912666e+00 1.769707137661910012e+00 4.552302840189216049e+00
3.254134891812675789e+00 5.019924214753913816e+00 5.994176192858818197e+00
9.338522009725352291e+00 3.367974155713160389e+00 1.557703365533824602e+00
7.559281469906440343e+00 6.808887453674413948e+00 5.204585444525125837e+00
3.408361840540130583e+00 6.165871565523076470e+00 1.943832671365995912e+00
9.575062654229295589e+00 4.926271461601498203e+00 9.189204560660051868e+00
6.133906595606505974e+00 3.742793415225997844e+00 7.649914947236630347e+00
9.401504087306102875e+00 3.720637843647577547e+00 1.840909435876328937e+00
1.201023608299738310e+00 2.272408802258303329e+00 4.578176435312142800e+00
4.821172827206626543e+00 5.943972713134638042e+00 2.451505783807163219e+00
4.066367401441290497e+00 6.947670147966553245e+00 1.466868441913493637e+00
2.320397830162241881e+00 9.243201034983393072e+00 4.932270723517881095e+00
2.117891210173850070e-01 8.810208610466693457e+00 2.723587603444431515e+00
3.679692125511080381e-01 1.235663774032258466e+00 9.410555969672351750e-01
8.881698533948734209e+00 8.767350939403071308e+00 1.184315980079356789e+00
4.556698940886358962e+00 4.418975660174092823e+00 9.015777057867713218e-01
4.659803739888682017e+00 8.803724171974563362e+00 7.565585579853528753e-01
2.869498001817896160e+00 4.361884665412384621e+00 4.552683751230289566e+00
9.523744147325293952e+00 5.447183677930897971e+00 2.473428830581048121e-01
4.940872005208785112e+00 6.159779916718398418e+00 5.364696906900411122e+00
1.175461594208226934e-02 8.408078144466664128e+00 2.216971800361171585e+00
1.748161821977700647e-01 1.163248318467290376e+00 9.949839833592744043e-01
8.826936403467968262e+00 4.277271477216793905e+00 2.789685119717385753e+00
4.865037458862587982e+00 9.894998433103221913e+00 9.491323649523925710e+00
3.653198097802236255e+00 7.402107721940382135e+00 8.220894758634871735e+00
3.596615918703861325e+00 2.808899283098820199e-01 7.900913552761110736e+00
1.200858566697872165e+00 4.051772683234576178e+00 7.229541394631220363e+00
8.767477589074802680e+00 8.079737695459506597e+00 4.858332747457517087e+00
1.493795284312248173e+00 5.200509673483770356e+00 7.576850265355949077e+00
4.955754613976262490e+00 5.928840324458301225e+00 3.181681781274847687e+00
9.900196147513225853e+00 7.160886282886291809e+00 2.990654846530734545e+00
7.878792738548259678e+00 3.088762385119502518e+00 3.130942149421066745e+00
5.998729559975998882e+00 4.882301880066121313e+00 6.601950049793128272e+00
3.506322040739100476e+00 8.815807305861353527e+00 9.815912376220097713e+00
5.317279961361117913e+00 9.615212310225359715e+00 9.758545937949664406e+00
8.065956681424902186e+00 1.374556753206597204e+00 8.325220336968401469e+00
4.968954480173693788e+00 6.444308515228343914e+00 4.353709093152264842e+00
6.024805135413544122e+00 9.979470768144247828e+00 4.864383507418926555e+00
1.141434157909809732e+00 2.972350575098841041e+00 5.449913777675531534e+00
3.380987246968565341e+00 2.165137176479110526e+00 6.229953030953496729e+00
9.961725216425332263e+00 5.243555950321057146e+00 2.898178795960761889e+00
5.833231127916293168e+00 7.661704353498841158e+00 2.080526881205084777e+00
7.240036299665825403e+00 6.224622417066541402e+00 5.822392463903353743e+00
8.572970134695914624e+00 7.874974586828773937e+00 6.064458651005699252e+00
4.258838019030173783e+00 4.965977775900438651e+00 2.888206394696446466e-01
9.151315489999547026e+00 3.157674331880888641e+00 2.796271903817897364e+00
7.628429990421779827e+00 9.056411468338435355e+00 9.770085043508711209e+00
8.746033747679483383e+00 7.204077488683299890e+00 4.058866116579561201e+00
3.370841199167874613e+00 5.265340478889690701e-01 5.164583237645091529e+00
9.772017187585873899e+00 7.700520511666052670e+00 4.609231939569292891e+00
4.943685718232224247e+00 4.997696993523190301e+00 6.823899483679412015e+00
6.347406905843161695e+00 4.274364583381249361e+00 9.909134549174437367e+00
2.155915427008458174e+00 3.595823619734498600e+00 1.493205522926700501e+00
4.447358835565311530e+00 9.066382900710989290e+00 1.869870413895565742e+00
9.732648039002732787e+00 9.511839253003985917e+00 2.193737411049658803e+00
6.821055826237694575e+00 3.820817508645983906e+00 9.670431374083154896e-01
5.634157012733976622e+00 8.632953871556797054e+00 1.511904483291388601e+00
8.723791711875602317e+00 1.387050623682395400e-01 8.546019770310056884e+00
4.265756860141495466e+00 5.139570387369721161e+00 7.622782003938612050e+00
9.079470010171775129e-01 4.584100236749248047e+00 7.276175302579367177e+00
1.211994374063420921e+00 2.043304363392768330e+00 8.768372793605889726e+00
6.455336795939818018e+00 2.798460340429310911e+00 2.772182535041158857e+00
9.325717552262064558e+00 5.153839847216080017e+00 8.033478959866039659e+00
4.070479350609450542e+00 6.274251571729465127e+00 8.471550148894033683e+00
6.351859437620233084e-01 7.122535518282139932e+00 7.830899815823713972e+00
6.367817076650767127e+00 1.148114836815223860e+00 4.961695768490542946e+00
3.761999120832325794e+00 9.890703233107846160e+00 1.832102132463142574e+00
5.231912027507447327e+00 3.486511341009398635e+00 4.902001863667331705e+00
5.613714897741395315e-01 5.136495297152462669e+00 4.655312859667381176e+00
6.220016766294942379e+00 5.836467538192300353e+00 6.239691631911139069e+00
3.673737940925740908e+00 2.475582837108603051e+00 3.455319779983967443e-01
6.965084811444389956e+00 1.415904923280486560e+00 4.031564141529075052e+00
3.845579015638285192e+00 1.594840783890852931e+00 4.513713079525699001e+00
7.304105499747384656e+00 4.620642175566549881e+00 9.776273284953438392e+00
3.895393309071559784e-01 2.754790930953630035e+00 1.602041536780179909e+00
8.278640159261541953e+00 9.003691083582565646e-01 1.734769262393821565e+00
7.370790072156244932e+00 6.894488580197752903e+00 3.301459178483953316e+00
1.726951842217232524e+00 2.355971974637434130e+00 6.337983784603963500e+00
2.014847412731819443e+00 9.599094435137374148e+00 7.536869124021801092e+00
8.450315503151573537e+00 5.237208069234727148e+00 3.760121810578844759e+00
9.411260030352318395e+00 1.962586822249736684e+00 8.901921394159669987e+00
8.349193566574133030e+00 7.877957416231742727e+00 8.804309448415834183e+00
2.884672070363439644e+00 5.295767478342097156e+00 6.509587959384354861e+00
7.700298017402156248e+00 8.393499726698408381e+00 2.423984175088893522e+00
2.171716552522504617e+00 3.076397732146154418e+00 7.820545311794172783e+00
1.580767286523424575e+00 9.887190276231685004e+00 2.480381165270219235e+00
6.015095082882380595e+00 5.610668525181045752e+00 4.804033353379240978e+00
7.581348408442246445e+00 8.197275652483984487e+00 1.383708346460668093e+00
9.659159049791865570e+00 5.826562492519635761e+00 1.259073907623454724e+00
8.287192737703898970e+00 6.206461624683386802e+00 1.383263483448480269e+00
9.916117009951593175e+00 3.626287016680551645e-02 8.975007399270149122e+00
8.480977832435339536e+00 8.038133200780526622e+00 7.852529838392752204e-01
8.670704943256950514e+00 7.313946671857617154e+00 9.782060205823261967e-01
9.567107942591960068e+00 4.175724531042050991e+00 9.005660962445055873e+00
9.415523495857303971e+00 1.860386243522674787e+00 8.968909073128724430e+00
6.084116060079312938e+00 3.785947669218426626e+00 8.006429066412135143e+00
8.860439967911247550e+00 2.690238540946898738e-01 9.323195574705026800e+00
4.490825650508263323e+00 2.683048790181563614e-01 5.174377273449803916e+00
2.272424886132297317e+00 8.686377027859567335e+00 4.782571866288213513e+00
7.241906957442925119e+00 3.449532185847480115e+00 4.071155331717134729e+00
7.563159525339679945e-01 6.740853001494375718e+00 1.943123373024349121e+00
5.505196833598599682e+00 2.489275858813022602e-01 7.794108965360646124e+00
1.859130599990622690e+00 5.653604715512942747e+00 9.363335472563651507e+00
4.161363459514953789e+00 8.160224854460979671e+00 2.000596069472154959e+00
6.283835631771438557e+00 4.330925702586288395e+00 2.124473999658262890e+00
9.360181532848956820e+00 2.126441953917400873e+00 9.823849662000625926e+00
5.734104076077698231e+00 3.863768631491137917e+00 6.549033870473089713e+00
6.378913130541374876e-01 2.486599958640940411e+00 1.343663021055244711e+00
6.056315860485178781e+00 7.092185436135723720e+00 3.679509163066470023e+00
6.898487163343011375e+00 7.241121522743148908e+00 3.892795148211045664e+00
5.424096266302065317e+00 2.296580771128597931e-01 1.850891366084386203e+00
3.417900850981051342e+00 8.724929770938416596e-02 7.654521115874711512e+00
1.215424251277285039e+00 8.443802445505710352e-01 9.190413094014154183e+00
4.829750649939027696e+00 3.461468477534460852e+00 3.818023360275315525e+00
4.413499631836010906e+00 9.676801292500162077e+00 5.040977502542900446e+00
4.606718490058534954e+00 9.198721858776679028e+00 5.115690708481062998e+00
9.699272761042927016e+00 5.781882692856949113e+00 9.996850952926578771e+00
6.886783238895191950e+00 8.606127170268806026e+00 4.304289806704295174e+00
5.888716655612583395e+00 6.526669712310503080e+00 5.947859000299064114e+00
4.727180881786900102e+00 9.646994690796896421e+00 9.754985563797522019e+00
3.466888039674707933e+00 4.056348130960357068e+00 4.211079072984068361e+00
9.102549809719910456e+00 7.655889693882359737e+00 5.896492485342045065e+00
6.262389669163592743e-02 2.607765634575716085e+00 3.176173862526313840e+00
3.345466031334110024e+00 8.165017679196317602e+00 4.457557203294973291e+00
2.343234286206415717e+00 2.080922317085943440e+00 4.763363560088463622e+00
3.005652542003033112e+00 7.344079115350822917e+00 8.580111584582821749e+00
9.730649616226049403e+00 9.404562528361932294e+00 1.559951134591290867e+00
4.292068583061492859e+00 5.639576446972874635e+00 5.152518798092796892e+00
8.675854984509655310e+00 6.923847361472967865e-01 1.045040846202912599e+00
2.975959675788634407e+00 5.077540490901410131e+00 8.646970148461059935e+00
7.379764522399491433e+00 8.555712625772358138e+00 7.035004897720810391e+00
1.651528840624229000e+00 1.270229323084490769e+00 6.605432879875960950e-01
1.829557043641397707e+00 8.650854370274607685e-01 6.111996923280782923e+00
7.649188778495027208e+00 5.238839025979426189e+00 1.613557365767270824e+00
9.727923336524662901e+00 1.402870950403999339e+00 6.832777654804216283e+00
8.965005391571178706e+00 7.364401780237120221e+00 9.740209890745557431e+00
8.729299141037987653e+00 1.441775986639504126e-01 7.657617762189027566e+00
1.857603521743074193e+00 8.370825157658387639e+00 2.854902142246915631e+00
5.188003288388998158e+00 1.049176853033674250e+00 1.986131536440494116e+00
2.273795344806583962e-01 7.599177635283193233e+00 1.514849161555168466e+00
2.098155934220539365e+00 1.412924055853002070e+00 5.678124059380608379e+00
8.680724990942064068e+00 8.173593993196048402e+00 7.919017839602893183e+00
5.800414371668782820e+00 2.995023917195334118e+00 4.336305714054344840e+00
9.889180503971246594e+00 2.191185422220904844e+00 9.485674360958242346e+00
3.447958874264644979e+00 3.430037204476660051e+00 5.476291848504245330e+00
5.252577026168568253e+00 9.801514078845736222e+00 6.912295999329948870e+00
1.296959348474789886e+00 7.141260383622316965e+00 4.331980717088061539e+00
7.282235408222384798e+00 8.002034742181415083e+00 7.680385485141369983e+00
6.664507833143519022e+00 6.356701664473850322e+00 1.691580537775740911e+00
7.689617518069916891e+00 3.258965013890485984e+00 7.082501962608278578e-01
4.908956718197252656e+00 9.514434950766981203e-03 1.498927516948770355e+00
6.980063949838799520e-01 9.717047816667870208e+00 1.909736258189020930e-02
8.813947705037417091e-01 8.104953457661265404e+00 2.349410850003528228e+00
5.492184881121980666e+00 9.477337849263555825e+00 6.510924029464570939e-01
7.915685661492439351e+00 1.989644542915698366e+00 4.946523449171906783e+00
1.107873925493975120e+00 8.946679596027667714e+00 2.494508211835624323e+00
7.393824231514028789e+00 8.626256547828944576e+00 2.695544874285829007e+00
5.371912496028009798e+00 2.004355087299904969e+00 7.709545403242353601e+00
3.843386552257399558e+00 6.153170055087882062e+00 5.026951211010842968e+00
5.753856284224250217e+00 5.713159430331802291e+00 8.213114222334997550e+00
9.333862934547489942e+00 9.906777054947660588e+00 2.956681675656333219e+00
6.110893315178622665e-01 2.780291887526342709e-01 7.145444807944729249e+00
9.364346521681071067e+00 7.839708540341330689e+00 1.425087762135256453e+00
4.464351352876366974e+00 2.205748157468340409e+00 6.845280086605278314e+00
3.490963667464235254e+00 3.537062459177656493e+00 7.815010721736773469e+00
2.148685372250414005e-01 2.104912485396743804e+00 4.174529807050884500e+00
8.883362857470352481e+00 3.345991952535884995e+00 9.242626770846666062e+00
5.398536730607652601e+00 1.299260756699645025e+00 1.372631714790628621e-01
3.964702659972690668e+00 7.838627528301618241e+00 1.444960547022645647e+00
4.312883814935911886e+00 7.863249727508994091e+00 7.388900326547574338e+00
2.980420824893909248e+00 4.670520947630210529e+00 8.414894543001054217e+00
5.750759583348017401e+00 4.698219064747759077e+00 8.486702694251150092e+00
9.162520983551804221e+00 6.828219391806050531e+00 5.970638568898002596e+00
3.921185684652914727e+00 9.531806321160482653e+00 2.859414134358231330e+00
8.207613773275490576e-01 6.676199226436522416e+00 5.734466932246538029e+00
7.532563616006346052e+00 8.159297103673313067e-01 2.964218907452172758e+00
3.602656810663684706e-01 7.427888122312227281e+00 5.897206305149187422e+00
6.234226618878446757e-01 2.880160753156006059e+00 3.779624643420456120e+00
3.973173003130524350e+00 9.424359348603317699e+00 7.802874241439782033e+00
7.574457990897927928e+00 9.902053089555925780e+00 1.293420413610512076e+00
7.953112479828433834e+00 5.640424080103923821e+00 6.717104609323127917e+00
1.553674869598282715e+00 5.967053567537546677e+00 7.087745936365045019e+00
3.927935622168018170e+00 2.565486016540499126e+00 5.934924069564670113e+00
2.943891387556067052e+00 9.008818348965851541e+00 9.348633664107907748e+00
1.839363478679933994e+00 9.414312861908001651e+00 1.682956799864222530e+00
8.325799772613159178e+00 9.003744153784960957e+00 9.628519056735402870e+00
8.808100317862381345e+00 4.202813082265002720e+00 6.704404211886015652e+00
8.365037991409838725e+00 6.254115362022824698e+00 6.788132632692419399e+00
8.207165590886196682e+00 1.962883708605978050e+00 1.296130230082175316e+00
6.245423786371367747e+00 9.854459587306465096e+00 8.807466120248426122e+00
2.593771155136307627e+00 6.839315224149467021e+00 4.164555443009457569e+00
8.959392600085383407e+00 7.473642113398019760e+00 6.518846084963235477e+00
4.338976210035266234e+00 1.482609229339959533e+00 6.875912476815191354e+00
2.978226576892102351e+00 6.503486432273771101e+00 9.044969926766285084e+00
8.659885856942166171e+00 9.798379420987588517e+00 5.979215925539430820e+00
6.419781953986691825e-01 5.150952992807701136e+00 2.242531062927319851e+00
3.774804998423001656e+00 4.883170682760472836e+00 2.073139325414183887e+00
7.538300426025259071e+00 3.161406926070423395e+00 4.594421076647564384e+00
8.250664582496584742e+00 6.305075062551405374e+00 6.290991287857982783e+00
7.689006025669799627e+00 9.685217877656196350e+00 4.925871428177300615e+00
5.094704153557151116e+00 6.303962929924590064e+00 2.515468502183494159e+00
3.013040677918821242e-01 3.540449328055106371e+00 1.837644724726927858e+00
9.546180409319115157e+00 3.362327280435595256e+00 2.769158828859383803e+00
2.496996559483348754e+00 4.000411418945736486e+00 8.362954349082766470e+00
7.077278926224942701e+00 2.072758227092043271e+00 8.881183955217281323e+00
2.510394932693416070e+00 5.844946373541681783e-01 7.360308841856273432e+00
4.391221776881791605e+00 6.780905902875820956e+00 6.801350172048598708e+00
4.191936518709856507e+00 5.791765973780725218e+00 3.901391902732894934e+00
2.255211451378097642e+00 4.135333431363803491e+00 2.247206461234133812e+00
3.266014386281452797e+00 6.219871579608192924e+00 9.572442276845977815e+00
2.113273152900829732e-01 6.068835064397607226e+00 2.923025007352096694e+00
2.503463884914101101e+00 5.390940812582589725e-01 8.686464934261950432e-01
2.647040256531847380e+00 3.381108502572842678e+00 4.026143944945478559e+00
6.221804153234589130e-01 6.939074181840066302e+00 6.730752603201794138e+00
6.027336295926824405e+00 9.211263420974120208e+00 2.231066370788346909e+00
8.139424775272395607e+00 2.477559779753202296e+00 8.752743743591274495e+00
6.461562621787502181e+00 4.683183340404726280e+00 5.508274191108152529e+00
7.756411091454956441e+00 4.766101662316239107e+00 1.646768160709369822e+00
3.597364233179864978e+00 6.946842099672554838e+00 7.971084165323435222e+00
4.706033824390466691e+00 9.081807545100259560e+00 6.915463200897470131e+00
4.129908197279140936e+00 5.703433130343663393e+00 8.334915272252430007e-01
7.087187634891933818e-01 6.036252600892577647e-01 1.234068962222389931e-01
9.592207459431222105e+00 9.951268167704455436e+00 4.843725251738114856e+00
2.116319494302639548e+00 6.233817838835415515e+00 8.786673840607665653e+00
4.943158837154698837e+00 5.533267989527869801e+00 2.129870737237769873e+00
5.747562636274034631e+00 6.368864132083854379e+00 1.002168424016066650e+00
7.519841600987802188e+00 9.724211367592916488e+00 3.739379069439573655e+00
8.087186942003437906e+00 8.388219949564799549e+00 6.222420877520459470e+00
1.288844266733125687e+00 3.771833066491905306e+00 1.003105272464224207e+00
1.963597859917065591e+00 7.433077669895137518e+00 4.556400877630673918e+00
6.606994159202665529e+00 8.598866286083641342e+00 8.685632945966370144e+00
3.968737854257605946e+00 3.584868903270082008e+00 8.595656665474644242e+00
8.573874715015088910e+00 6.147713515958525221e+00 5.192789478242142209e+00
8.434486451492418269e+00 6.115156366573685887e+00 2.903350741491128595e-01
6.896184398974641638e+00 2.516459726901878469e+00 1.197700656338547276e+00
3.413793792879833422e+00 7.880627571897726114e+00 4.602638319027042790e+00
6.548007385531108504e+00 2.685475587468943992e-01 9.682926756448535954e+00
4.737349775769869709e+00 9.405928076033669427e+00 3.726719845260448860e+00
8.773410079783616755e-01 2.843479993622104463e+00 2.146319329336181525e+00
2.030780669843146313e+00 3.434141815657942853e+00 6.586437592833234156e+00
5.450813631918406621e+00 7.550710991063644961e+00 9.732244635696879698e+00
2.403955177805040755e+00 3.382388552693488037e+00 6.470641599616840267e+00
4.283079028303660163e-01 2.191541541584249853e+00 4.833646436832701454e+00
8.643934920290044843e+00 1.382699951687152984e+00 9.996402888969964096e+00
7.927995870774378062e+00 1.165845094835368245e+00 9.852444482987232632e+00
1.209751204069534625e+00 7.176886765029466986e+00 5.721941345076714924e+00
9.942037445583974176e+00 8.888274607208151323e+00 3.890322896039916323e+00
6.760236478410539540e+00 8.511069476514295573e+00 6.018409351675035879e-01
1.237429073071004693e+00 2.512298128542407305e+00 4.720484940227298587e-01
9.541641447544153110e+00 3.237747687134924224e+00 1.871787917785244781e+00
2.876865559771651704e+00 8.413278091874193620e+00 9.262728510921826697e+00
9.656014700790052530e+00 5.135374773956515426e+00 4.687423466054463361e+00
2.583227485108918753e-01 5.115678569993931113e+00 8.057304186930343448e+00
4.444061384854665953e+00 8.355878662609088181e+00 1.782050104184896844e+00
5.420204678285469591e+00 7.804275552613394673e+00 2.871210324823079141e+00
8.786152870891662303e+00 2.630286949055068213e+00 4.394642990209640665e+00
2.818117099842146978e+00 6.890079663262741683e+00 4.109935852377665455e+00
9.483346117112587237e+00 1.819654759629441010e+00 5.712175007181548914e+00
1.055146929783538079e+00 9.870400445139354773e+00 7.803976446829153701e+00
5.170605041850623529e+00 6.535989066851496609e+00 8.544471030049447080e+00
6.223267210927426518e+00 8.854432410127321518e+00 8.935350219015880668e+00
1.037108836922008281e+00 7.373953190151302906e+00 2.806884117093505715e+00
8.302467340921344530e+00 1.486910807265240386e+00 8.059309672066794050e+00
3.266775931311256542e+00 2.849930483088276567e+00 2.321564752666237297e+00
6.739452177333707716e+00 9.077221395078272081e-01 5.684992912720224112e+00
2.576868233160389821e-02 7.468893464797138115e+00 9.055576518138005682e+00
2.916243851657673858e-01 4.876007619710993168e+00 6.261534491990930817e+00
9.019151934807743132e+00 4.537901724436766315e+00 1.133237063297507508e+00
9.733254358303071285e+00 9.507934100818648204e+00 1.478621727834148469e+00
7.831498046466577989e+00 2.633819629287229347e+00 1.997573913816605984e+00
2.563754476917416980e+00 1.796520322756320898e+00 8.348149044214174808e+00
5.633652490986556849e+00 5.799498225769259108e+00 6.749610702025542253e+00
3.851214265999355568e+00 6.955340079391177710e+00 9.434589244349746551e+00
5.484044318976134313e+00 1.642680407780868768e+00 4.241223985161357568e-02
3.667571211672515652e-01 6.565131568149082497e+00 6.427809642146544711e+00
3.079200926992958998e+00 3.856811803593440668e+00 2.619836620501387880e+00
9.392973648307876289e+00 1.099867474490650032e+00 1.191913908942773270e+00
3.032259643588852693e+00 7.788434051142473002e+00 2.447026366309046352e-01
7.459160792941609941e+00 4.927802584504012984e+00 7.310825016058915438e+00
1.744170027697479197e+00 5.401744958732466628e+00 2.493425940490748616e+00
2.698784586147784381e-01 2.078548231288646075e+00 3.561119656049317683e+00
8.451033463095781073e+00 9.410526252565151850e+00 7.879692843453547368e+00
4.972161327418200827e+00 3.763377529069683369e+00 6.213059143643784310e-01
3.329754032235046068e+00 8.891671927602210701e+00 9.698378020290030932e+00
7.151589525366752742e-01 4.204697162144387157e+00 2.272551300941605401e+00
1.723526933276686712e-01 3.211239922407501446e+00 6.144106904154983617e+00
8.852749303559294347e+00 7.809193630226546112e+00 9.128064421705266440e+00
6.493200937132446171e+00 5.678106731670158780e+00 5.486996668876185979e+00
5.341994498182456308e-01 4.062081881205098277e+00 8.252558072108762133e-01
3.039193325571690529e+00 8.318956737055335893e+00 8.593998596737380424e+00
4.428030804117271124e+00 8.175814668224537840e+00 9.856558293357251088e+00
8.570165004403595965e-01 5.529067713791568917e-01 9.091667780328767989e+00
6.527769818719195705e+00 1.058492506030487279e+00 2.112394346356113672e+00
9.651414531961798104e+00 5.040019842239948034e+00 5.948659262885859000e+00
6.264867326990265717e+00 3.385198094243367706e+00 7.328030500160179983e+00
1.851441030348894845e+00 2.706130438567279306e+00 7.677069909337097542e-01
8.688251495408122693e+00 8.770379463348895399e+00 3.982503226660012441e+00
1.612690917733740070e+00 7.089063852998696902e+00 1.302741138115269814e+00
1.781881632673184557e+00 2.865220961385268605e+00 1.033183325430380162e+00
4.749598602193446872e+00 9.573072559051995611e+00 3.206734665580944998e+00
6.752788455290148484e-02 6.237479658740063826e-01 2.440196894240150627e+00
9.810690858703669193e+00 7.623598316740523018e+00 7.285329798656242417e+00
1.334671715797209890e+00 9.560475337271265417e+00 2.114963048677609425e-01
5.284269402935066751e+00 4.015430320311915935e+00 5.530425999649092539e+00
2.191656406874070484e+00 6.118453689760974257e+00 8.143681756925426285e+00
3.543762481730561298e+00 1.250522259692359306e+00 4.982465319287957328e+00
2.197935503709802507e+00 7.946827877332733436e+00 4.051221666302813773e+00
9.078053117262044225e+00 7.736946205272749566e+00 8.881123076695164542e+00
1.908398370897576024e+00 9.623781730634915377e+00 4.419888221701465447e+00
9.811997300999772520e+00 4.165492624523626120e+00 9.310850948046988762e+00
2.523607999676648284e+00 2.195255856008762052e+00 2.903206255268825586e+00
1.310230757065834473e+00 6.462592643967059125e+00 6.259018555455025279e+00
2.688132338313852010e+00 7.016284899465302871e+00 5.331471048951339498e+00
2.449418725049882006e+00 4.896542165214214037e+00 9.190920373722143211e+00
5.249888234098667894e+00 8.611450246655638630e-01 3.406889739388470062e+00
4.674299097003073555e+00 4.166362726866246202e-01 6.834869756805344920e+00
2.200637517376890173e+00 1.687413381850961791e+00 5.738782400112177662e+00
6.248628338174736285e+00 9.182798654428212970e+00 5.085529939146784528e+00
2.716227567488116446e+00 3.703234463151988898e+00 4.530222278485609877e+00
5.633570695305150089e+00 4.875598779953232764e+00 6.863529468383355869e-01
3.646021179082543640e+00 4.529638842094017903e+00 2.103416728678574543e+00
2.623916423958077004e+00 9.364193772456234299e+00 7.912819499669780043e+00
2.011147693516499579e+00 7.571002957242583875e+00 4.491129337997501469e-01
8.408683356255164387e-01 1.709460504770895506e+00 8.903585853526973182e+00
9.010355670323114907e+00 4.606651624505689213e+00 2.637412054664378669e+00
4.665791085012078732e+00 8.983584452027624678e+00 4.097364143915459778e+00
1.975946118925542283e-01 4.943558431416460230e+00 8.495348313098570969e+00
3.990837074530752204e+00 1.669393234404908943e+00 9.792061567931488852e+00
8.408476266824351342e+00 7.156995333960292527e+00 5.433543799295927457e+00
5.534712330794411272e-01 2.203533578345630239e+00 4.937250951754572625e+00
4.894900449693773581e+00 9.642796153944363624e+00 4.277803936914891025e+00
9.900499942043625268e+00 4.596633469105753989e+00 2.375392569122535491e+00
6.639529606483353774e+00 3.844433286423487584e+00 5.055570272193793180e+00
7.875206807126749808e+00 8.631220718303156403e+00 5.381231541600604906e+00
9.964283779803592367e+00 1.178045979717707858e+00 6.744428125028657739e+00
8.503126175631393835e+00 8.753111072665376025e-01 8.022568068575763878e-01
6.177434355721027615e+00 3.064010111876949161e+00 9.737597928216741749e+00
8.248538659100791648e+00 7.910971038440473890e+00 7.215666497237405608e+00
3.716343395436694230e-01 4.261289112934986356e+00 2.565368955528590789e-01
3.519464377454004644e+00 5.099153548467016961e-01 6.729872764029978249e+00
4.990128559000275743e+00 6.729549869254886296e+00 1.300475823485647275e+00
8.480668838170672075e+00 7.402564338119566045e+00 9.673165261004555759e+00
6.730373888253185832e+00 9.171737734587917856e+00 4.426470710113648899e+00
2.990446633540321031e+00 7.625290196446206537e+00 5.544206447156357243e+00
8.144762118592833389e+00 4.051643223310232855e+00 9.775266413389836373e+00
6.329374269674245213e+00 7.057197009884534467e+00 8.119829373681483276e+00
7.963108414802339219e+00 2.141238230836861600e+00 1.887780427569657471e+00
5.484369247297760985e+00 2.319628185275247390e+00 3.086625404248806159e+00
2.567145562912584111e+00 3.717566447832014731e+00 7.744071424770817558e+00
4.705066257867147606e+00 7.119942838047856881e+00 4.640113424829161559e+00
3.949098102108417052e-01 9.519368723062143545e+00 7.407634365297873558e+00
1.955417421761185270e+00 6.334016648159092711e+00 8.199920626546765234e+00
4.797321224708016807e+00 8.339715790756891067e+00 9.850773137342464736e+00
3.577086443147928563e+00 5.575375222285894328e-01 3.324298883491343393e+00
9.259293422578441124e+00 5.464183634894290265e+00 4.433628508458726358e+00
7.129528750584697150e+00 6.298590083013733132e-01 3.022021545384498964e+00
2.965151009913543412e+00 1.664784837221007230e+00 9.343703934882302775e+00
5.430589385487803789e+00 4.772837317873010576e+00 8.221491184520456130e+00
1.442701902012797355e+00 7.594859801731852045e+00 9.608443615650569924e+00
8.655345324422980546e-01 4.085808219868216185e+00 9.084640897161396111e+00
1.977374283111464903e+00 5.720049042609107737e+00 9.152524325077566303e+00
1.473548465236484972e-01 6.578646921448786600e+00 4.711872233107401442e+00
7.553414220954345559e+00 9.953178705896929657e+00 9.372750851195471355e+00
5.040409391773107650e+00 3.750443326393978261e+00 4.843355324381018789e+00
2.257244587086248977e-01 5.981128631087071490e+00 8.392418985847982515e-01
8.380223466012266087e+00 5.893296616317639014e+00 3.701277550810729622e+00
5.537565821819009138e+00 2.669262529913198900e+00 3.476656110676634714e-01
4.134282371151329905e+00 1.129334021759353934e-01 2.803691979381428556e-01
1.998271783529497192e+00 5.093203739226770388e+00 6.746986612986668241e+00
7.489662551925788669e+00 5.413752988862833071e+00 3.954353643200062329e+00
2.852564939262636212e-01 3.423946480356312438e+00 7.165677080252153885e+00
3.761565256134524748e-01 3.945744842292352672e+00 3.468655589091494740e+00
8.069671360054641696e+00 5.218154094912286212e+00 5.019727695000013590e+00
9.291239013242036382e-01 7.953757559197061511e+00 8.382279030230684214e+00
3.035765988696230711e+00 6.827762956436211894e-01 4.709322980128809455e+00
4.664946514248212495e+00 5.567050366048237109e+00 3.753309328523546373e+00
8.799690653649795635e+00 8.924587049877697353e+00 7.682994519845431469e+00
8.668189822936438915e+00 9.705808903329080195e+00 4.918598693248719123e+00
8.824290381826134677e+00 5.673204777498489726e+00 4.682627710310731217e+00
6.949985588036824424e+00 4.969333419256237505e+00 5.789652968397072996e+00
3.571585217930948186e+00 7.409567397705128400e+00 4.390977291602390586e+00
1.717993244530938712e+00 4.856002983703582743e+00 9.048249117305802613e+00
4.573361883783283233e+00 3.573833251355125196e+00 9.587734930923584642e+00
1.474729201800099032e+00 1.954911307265486675e+00 3.371866676863336743e+00
5.335154404697392216e+00 5.634909868403691569e+00 6.868120742159526060e+00
5.162347576604023658e+00 3.187074833419690556e+00 8.458438527950047359e+00
1.297443030379314965e+00 2.447434905479499712e+00 6.159311030680406418e+00
4.267298521531042610e+00 4.861345416169093880e+00 5.584388608496891671e+00
8.127645172328850975e+00 1.844388849367283312e+00 9.064113075843598821e+00
4.026013041630954525e+00 4.644108910768018905e-01 6.480708935344554611e+00
9.999078789655865052e+00 1.972588310423886160e+00 6.809661424215567749e+00
8.587468645965538272e+00 3.539647154818903463e-01 5.163254847637441358e+00
1.937885807327079934e+00 7.685029945339493906e+00 2.295972646765904734e+00
3.055649422705269735e+00 3.822093068095048451e+00 1.050296515560296129e+00
3.808583348645982802e+00 5.205365641723846970e+00 1.596029447198579199e+00
2.160185343134205738e+00 2.246203709123145487e+00 4.048137669647061898e+00
7.005281023855972400e+00 9.774613092368429790e+00 4.646841422543498190e+00
8.692841461939519121e+00 7.002548027152999399e-01 6.506150523332840052e+00
5.015277955025764456e+00 2.006551430603073172e+00 1.151953808713135352e-01
5.573691618807599113e+00 9.386656153048914319e+00 6.586047350717384674e+00
5.217807743207718119e+00 5.583736379714814291e+00 5.227652146694991231e+00
7.402988828313477043e+00 1.035150244556516386e+00 4.204325830163408995e+00
6.581495103253478973e+00 6.328984440989772864e+00 9.569568485303182825e+00
2.250308628590352633e+00 1.089234716597202723e+00 4.408984576706394876e+00
4.028995132187183081e+00 9.082221165408865815e-01 5.307621285954456702e+00
3.250049540767117939e+00 3.689452221639983875e+00 6.681639020652225369e+00
7.466178171318116341e-01 2.725004114739093541e-01 6.050144880554107374e+00
1.934353320245015828e+00 6.134006245959525927e+00 4.347751028207800239e+00
4.395837687689548190e+00 8.184529715936646355e+00 3.986328342231112210e+00
4.022602448786642526e+00 1.198074885843720683e+00 5.831787837140839592e+00
9.363970557659358818e+00 7.319762889824570351e+00 5.012613982225126996e+00
3.227910500793994331e+00 6.487061589303301012e+00 9.878736690918669794e+00
2.524457602469865947e+00 2.643788463980714987e+00 8.463870305513994552e+00
5.813167689852464015e+00 6.916684044438525802e+00 7.307028992338082674e+00
5.866794604501546218e-01 7.218582510324578205e-01 7.255112127750166451e+00
3.236219582645544435e+00 2.911082252488820465e+00 8.697640995280431220e-01
7.538674347273199849e+00 5.643944552900045153e+00 8.063386107826463700e+00
4.411235689711459962e+00 9.398676690908748910e+00 6.133909639402953751e+00
5.537508809211764138e+00 6.451568173789393512e+00 8.979351741037095991e+00
3.768179838582001118e+00 7.146169222628079964e+00 8.819790462750113136e+00
1.357786486106574708e+00 4.414277032795141054e+00 8.750366868957481614e+00
3.110976348624343579e+00 7.287853418078498180e+00 2.533199396334909537e+00
8.852126413713204300e+00 1.045506193113331372e+00 4.717716698554047738e+00
1.559278863290791683e+00 3.668862466917672815e+00 7.226245070331448694e+00
5.273387343363036273e+00 5.734044536285748173e+00 2.501592377253631927e+00
4.182868782668568208e+00 1.157336808441280507e+00 3.911378581887985373e+00
8.725665165450465111e+00 5.950562444790608030e-01 2.678625586669785008e+00
4.070837906486636015e+00 7.117674437330921755e+00 6.858455127672028695e+00
2.026624966371270098e+00 9.721666832198115671e+00 1.114601244355025722e+00
8.460812133353307729e+00 7.900432785374241540e+00 7.504741368914964461e+00
2.701404690378320872e+00 7.188137205518861705e+00 6.130726009007680943e-01
9.366205903551739098e+00 7.706672088700195822e+00 3.890129640508751763e+00
9.434601828446792737e+00 8.231172721228979583e+00 8.507880830408179662e+00
5.881838378734521200e+00 8.060471310192575345e+00 3.899075893332135667e+00
8.118348271219781864e+00 8.148780743441511376e+00 2.706055595481118292e+00
7.546324617500430598e+00 4.123127826104557414e+00 5.342015501218655871e+00
7.816039943581957417e+00 2.723167159653673508e+00 6.570559288462699321e+00
5.322369275052510673e+00 3.084852496490947615e+00 2.046545045592258472e+00
5.501671674628245690e+00 3.694161982326014115e+00 7.446840903682541146e+00
3.138408566572790104e+00 2.759750773701781235e+00 7.072158005960456961e+00
6.512717684899920201e+00 4.547042353808761206e+00 9.807268389231051486e+00
5.582346265357886139e+00 9.427572882146737498e+00 2.312228153635929040e+00
5.473838844142310478e+00 2.499111830793236066e+00 4.376054792892398737e+00
7.471945462305884522e-01 9.356429988918980811e+00 4.769662670151833872e+00
4.590725343185326324e+00 2.537487693581574888e+00 1.129521128847359446e+00
6.754491472977392164e+00 1.065170799473864616e+00 9.361290205363552275e+00
2.716366930350813114e+00 6.958675328674219784e+00 2.147990253380291925e+00
4.647063004268742858e+00 6.873185626114317159e+00 2.518068265845014864e+00
6.029111958580459785e+00 3.008778437414920681e+00 4.390089048416260020e+00
2.482705619054907054e+00 9.357447360296646366e+00 2.631104846276282050e+00
7.393385588139435249e+00 4.535370070310130508e+00 7.109846499406010878e+00
8.966676941831156711e+00 3.573203604880998085e+00 6.398020885281874293e-01
6.232157063253557894e+00 5.854752242377516680e+00 9.959169347778679793e+00
5.640012229974956881e+00 2.062848420135190430e+00 4.475349842208293794e+00
8.625120019729472176e+00 9.324364136661980496e+00 7.386978513336039498e+00
8.889248764829664751e+00 6.170262034638214210e+00 1.795898963329193299e+00
7.450520213290767302e+00 3.707517588046743917e+00 5.878869752654364511e+00
1.555679250187187446e+00 4.041922329089472576e+00 9.567557744603061298e-01
6.804736113139232323e+00 2.723828407749468994e+00 3.295727680857343245e+00
4.546263566700884162e+00 8.963606830886984511e+00 2.377119032220529338e+00
9.216328118458052998e+00 9.061696305796264284e+00 1.974716522218447068e+00
9.535644284277161375e+00 9.690831740906970637e+00 7.045824303199877292e+00
9.576796545618571077e-01 1.757488493385661599e+00 7.351122753968727608e+00
1.859298728211722374e-01 6.197043720174476356e+00 4.480209289681730489e+00
7.933647129948655063e+00 4.606012775674516391e+00 2.993500430502304965e-01
6.258343407479910248e+00 4.781508049598953036e+00 7.185242238109341706e+00
5.861981520214404107e+00 6.695473680744487233e+00 5.579811255328486652e+00
2.198521056727706924e+00 7.222645936389874066e+00 7.478146625960732763e+00
1.886726834608496439e+00 1.336088369953020161e+00 1.339446543516003008e+00
2.017155444507976458e+00 7.332832685204937473e-01 7.049790082278785341e+00
1.155060473681819300e+00 1.066242285349676688e+00 6.923432874669570580e+00
3.656238804148803645e+00 4.719733195905893020e+00 9.360477401569768929e+00
3.063899649439393080e+00 8.154903135828357463e+00 3.640520878351448886e+00
9.757818323320725185e+00 6.536341727892473585e+00 8.446218426407625657e+00
1.402094704972890460e+00 1.017689763390678959e+00 2.026480685504435719e+00
5.706853954275492580e-01 9.187010203880718873e-01 4.822953498702753805e+00
3.366053991903851461e+00 2.322495378475003314e+00 1.124680983652563970e+00
7.694861980042952077e+00 9.942361800182741405e+00 8.391872754078274710e+00
2.972059852892198428e+00 1.655201126609820994e+00 6.599683421233287994e+00
8.674332010263317017e+00 3.036828577737647805e+00 6.450571841302798148e+00
5.808025567499357500e+00 3.856282734660653411e+00 8.208586548787955905e+00
8.814720366677068597e+00 8.825456925786216544e+00 1.916891987161454258e+00
9.494035366508072116e+00 8.623969601989205813e+00 3.750322718576308834e+00
7.172226487738727840e+00 3.085174628412763465e+00 8.758232463103418297e+00
2.842488164393630612e+00 8.503651252522338666e+00 2.180566299327426627e+00
6.552632089539700555e-01 3.574551390964274766e+00 1.037480180399662499e+00
3.538303439593681876e+00 6.154609749293583398e+00 5.506906745023449012e+00
3.659706355267472233e+00 3.123724729620676932e+00 9.016363802921066650e+00
4.066167890621553482e+00 5.542556885103774533e+00 2.958748678890068540e+00
5.148233900304744814e+00 4.132602863921746028e+00 7.520782405029613926e+00
2.113041371362233356e+00 4.335752129722157733e+00 5.906905050224780851e+00
1.700852270733977933e+00 9.494862524406883608e+00 8.293781094905515516e+00
5.921086910704494777e+00 8.948406393349205956e+00 6.091198950991084438e+00
5.577125196552865205e+00 8.336923089197345149e+00 8.941023244533838010e+00
7.721863182650015922e+00 8.255584232602755534e+00 8.518993643376076008e+00
7.267513498408994188e+00 5.977397854006401445e+00 7.641897910924052795e+00
7.824786915930950215e+00 8.731814684602767773e-01 6.292000064882050658e+00
9.379339576391609867e-01 4.865112559545670123e-01 8.602029695958451683e+00
3.986715306276931159e+00 3.374418831346570613e+00 1.593486694446194507e+00
6.779554294833001649e+00 3.160729826397099540e+00 2.428081233467706213e+00
1.448034499624391014e+00 1.275723446721572785e+00 8.228641965598251673e+00
6.184473387919156018e+00 4.286899072883528561e+00 9.288649600478549040e-01
1.839068066740645602e+00 9.661345910665932735e+00 4.459326945283532240e+00
2.421334577414548939e+00 1.563060231385896559e+00 1.841153167928009093e+00
6.240328213629991794e+00 3.896437514669185198e+00 4.199050658734673647e+00
8.418844011725465037e+00 9.741576678396654643e+00 7.093172400707309144e+00
4.592868077713986530e+00 7.376790580905718819e+00 2.859151609692940355e+00
4.042114471485678706e+00 5.469995207011370653e+00 8.390768919054531594e+00
3.224263797060399561e+00 9.088540789799498754e+00 4.556445208731363383e-01
3.457760211561903496e+00 6.238282208161924025e+00 9.605135365319050322e+00
7.794602260855611142e+00 5.365689720469498880e+00 1.739027554309411361e+00
3.744456683499404193e+00 5.864900285213392905e+00 4.137548692849613019e-01
4.780849643280657979e+00 3.090481066127249932e+00 2.973882653073528282e+00
1.833860983546753420e+00 9.931990754517787678e+00 4.372513158380115783e+00
4.384760481853060554e+00 5.565846589554500845e+00 5.273250768251593890e+00
7.750387420018515883e+00 9.780651624554989709e+00 3.352040203981057065e+00
4.860895521510578909e+00 6.388929592683170178e+00 7.044487014808211711e+00
8.018461906746141565e+00 8.882885293891028766e+00 1.475128551832213253e+00
9.594136274940114006e+00 7.676743814023405221e+00 7.460759059250487990e-01
1.245734072728155173e+00 4.203451106155005057e+00 3.301911839104800794e+00
9.410441524028009042e+00 6.152908244005285354e+00 5.631961818478879778e+00
4.663387749852404340e+00 3.935621185837866243e+00 3.245729791319606150e+00
9.613006269765611567e-01 2.347664732936634024e+00 1.354364801205760749e+00
8.126820895460808103e+00 6.661123231585226456e+00 6.302810212792855360e+00
3.383667876371887484e+00 1.099455222458003423e+00 9.191606207433533626e-01
7.961825384787681870e+00 1.911290392507375424e+00 6.968429494772793831e+00
3.137217017278659537e+00 9.549754622062808451e+00 6.366176212968568393e+00
5.306741217198135629e+00 3.112423863899659082e+00 2.282655950069545359e+00
2.851028786388426717e+00 3.077666176692662958e+00 1.452117475671627078e+00
1.340447947931633355e+00 1.017405135694339213e+00 5.191124218010742197e+00
9.880652527189965895e+00 2.655454106192957298e+00 6.135644264686835214e+00
2.450262372439786507e+00 9.056905905424907033e+00 9.960877163103592835e+00
6.696607668525808243e+00 6.556656221759925351e+00 7.410012549444271457e+00
2.149121655668271291e+00 4.630536133547780153e-01 2.449588591739044752e+00
3.482637758949769236e+00 8.460212556864325606e+00 4.508804366467153990e+00
1.922209615705365859e+00 4.275684856518622290e+00 1.045585442226037998e+00
7.179262373286840138e+00 1.535944109078887232e+00 9.399282716304192320e+00
3.545135557362243617e+00 9.333385387835162916e+00 7.578218413625104066e-01
9.962535318689223374e+00 7.771919996276011045e-01 1.263927586934832092e-01
2.415103439003089214e+00 1.690253652790376648e+00 9.462579223687807684e+00
6.941053649857293451e+00 3.134511225833553905e+00 7.363517647151519796e+00
4.000062322150399474e-01 5.016037278403320698e+00 3.900423326647262101e-01
8.900010725523312516e+00 5.863167995801179089e+00 2.723282093428822659e+00
1.278945876905513979e+00 8.017367890610122672e+00 9.135971836301767013e+00
2.004939562711753887e+00 3.096824235802070113e+00 9.514729096456584045e+00
9.742078726792044563e+00 3.881129318129045380e+00 5.964300110829073631e+00
4.792724096138588408e+00 8.120753490375587802e+00 4.555786048291730062e+00
5.238946916935093512e+00 4.243167520672137982e+00 1.441310100231368851e+00
4.546247844822131512e+00 9.717105427169023812e+00 9.216816508130397878e+00
4.336091323133242526e+00 5.490606814530082147e+00 5.400444315813884621e+00
2.807051657173234016e+00 2.691080948854909227e+00 7.942741634296547559e+00
5.878813230679432955e+00 6.695349841353507081e+00 4.126640292084275963e+00
1.038963248024973307e+00 9.192096197789100032e+00 5.694454349480602140e+00
2.249946861493005379e+00 4.684425881371665490e+00 7.676293110741400305e+00
4.557458404064675506e+00 8.769272784436276780e+00 8.453826316368179050e+00
7.066208125080809310e+00 9.374172182302885403e+00 3.585918884346428470e-01
9.061127936820557949e+00 3.519298555064175105e+00 7.812471238625885661e+00
3.983827408841621676e+00 6.352861514111877383e+00 5.937841343053089638e+00
8.258129533186913562e+00 2.359867117012106608e+00 4.410815408881441968e+00
5.314209117062677734e+00 3.655789672859323325e+00 7.435064638318706010e+00
5.209432397352654398e+00 5.141869319058866239e+00 5.447658019793272466e+00
7.330628786512405348e+00 2.894761133480827642e-01 7.663602389954755623e+00
9.372461185856018062e-01 9.659399948728630392e+00 2.168379088803584764e+00
9.939978523251518538e+00 9.196168654309463619e+00 1.966160070471895116e+00
5.370568783829293480e+00 6.505262347076682161e+00 1.420241228759278052e-01
4.766868845739047345e-01 1.456019572691868991e-01 8.461661018700750603e+00
3.822799002661232404e+00 5.364513782031607114e+00 4.494161376703152300e+00
4.718954129879513459e+00 4.556232294996648058e+00 7.529503600865147028e+00
9.682174175651791614e+00 8.501313126967935396e-01 8.906905425398662146e+00
4.768611281758835752e+00 3.547701648954476816e+00 6.914940224751334519e+00
2.370030535252630521e+00 8.656546434404747359e+00 3.504642780153771398e+00
3.956502625991614508e+00 3.461487842286272709e+00 2.579118649003908637e+00
7.405466379946764377e+00 6.866496014556071614e+00 3.146554121058913189e+00
1.313781883890741131e-01 8.415254748455831546e+00 4.732937703216255620e-02
2.536755027267258100e+00 7.214810577229360256e+00 6.491306947184094511e-01
8.065364954751130799e-01 2.502224600447409131e+00 7.833207831985939507e+00
9.396150041956092380e+00 4.771790748397869208e+00 3.090849958497706496e+00
9.993872863849533772e+00 4.246495592259731389e+00 7.947381883581662976e+00
8.755938811384680776e+00 8.620105318235451008e+00 1.165037381237099545e+00
8.820807115925743958e-01 4.766544955482736157e+00 7.816222684366014306e-01
2.375296124390822161e+00 3.650011611796212030e+00 6.047622464013087118e+00
7.187999726860167193e+00 3.391444133470341349e+00 1.687055495416512896e+00
1.200365905133227162e+00 8.561833163554799508e-01 4.630492972692836773e+00
9.616773017433055681e-01 9.807369305308380802e+00 9.112126532131890499e+00
7.769408665201734898e+00 8.070065037073414160e+00 5.579187273093081600e+00
2.130155868779208816e+00 4.111395988162218629e+00 1.443271753715911210e+00
4.331011665375672948e+00 3.296029323231942421e+00 5.835373101471793333e+00
2.743551411641498294e+00 7.229993445309375488e+00 3.656170789687636091e+00
5.407798385694927212e+00 7.722047900398717246e+00 3.130705092685047930e+00
9.724065376430196750e+00 2.649295164548330916e+00 1.723775825006385043e+00
2.152063194731975493e+00 6.393774715295300837e+00 6.320506266453312705e+00
2.948067002226320010e+00 9.472765146989270413e-01 4.862268884327502150e+00
2.601695019051243563e+00 1.263787810953828084e+00 5.918339785781845386e-01
4.612721425605972314e+00 2.114369605044594813e+00 8.935665646940121221e+00
6.626674883377232206e+00 8.994487774427524229e+00 1.233231950897154539e+00
9.828210964584721765e+00 1.175948509879214399e+00 5.501755455764660852e+00
5.193494690598726926e+00 7.726922264610439406e+00 3.909252340653642577e+00
9.798738757401650901e+00 7.116368121215730369e+00 2.774231316220363563e+00
4.029698970212594489e+00 5.987993891506034672e+00 2.444264331115023836e+00
7.034989005494343139e+00 9.606373795953878414e+00 7.321876484198631019e+00
6.220001894965006883e+00 2.341943305802987041e+00 5.839701496723314733e+00
6.599964075842167155e+00 6.007449615267333343e+00 9.498244155622431961e+00
9.406277952685030641e+00 1.538109749088134581e+00 9.472442597555147614e+00
2.960599457651746924e+00 9.492939403128086706e-01 4.465006859263239036e+00
3.587396223873539292e+00 4.808392627168740496e+00 3.683924969410881101e+00
3.240488032429922338e+00 4.055910729621024835e+00 7.518660132983155719e+00
2.720366465002297396e+00 8.191908224079620382e+00 8.369007321058173687e+00
9.609573377307967235e-01 8.997457322532957491e+00 3.168057116258752082e+00
6.583134840925709774e+00 4.534808147264975275e+00 6.939557593153782733e+00
9.067111288956922976e+00 5.488258417399149103e+00 6.148565889803259132e+00
2.048642899306305498e+00 8.805315663705734153e+00 3.800735443124232393e+00
5.873361186344017160e-01 5.080790762748899070e+00 8.262494452096619924e+00
6.434555495165687589e+00 1.592212413963756124e-01 6.124081394903274855e+00
6.228634383490923909e+00 4.423250373330731122e+00 8.877878790586921198e+00
4.271636793787672914e+00 2.163060513225666170e+00 9.712253223555566972e-01
5.106538770299651198e+00 5.646888699544549972e-01 3.858319746703405606e+00
5.635684931256150776e+00 9.689689063258025925e+00 8.657179668355977853e+00
9.980562754742498655e+00 7.388056799621321780e+00 9.434174158841923230e+00
7.825188328568110308e+00 6.048353373481830886e+00 1.215413908001085064e+00
7.687111569252003562e+00 1.280072685508695240e+00 7.523337860112713216e+00
5.644864341601135926e+00 5.917507062370713555e+00 1.727106721883322482e+00
7.459238260855116209e+00 3.885996416228465478e-01 6.401597426667694712e+00
9.436524284941787855e+00 5.215364350184846565e+00 5.943380258788144133e+00
6.101418361701149706e+00 2.422599088944702217e+00 2.987129270904775868e+00
3.349360071000129224e+00 7.554346015985372809e+00 3.996400662232295620e+00
8.147751736331987349e-01 3.288980459449057037e+00 6.733352975401688312e+00
1.169881316962573248e-01 8.862191346063619690e+00 1.294559278636958632e+00
2.480670688606315899e+00 3.056160195444065586e+00 9.362965984483267334e+00
4.058843793185561211e+00 6.019374952813538737e-01 3.463310678020914413e-01
2.770975921554009958e+00 5.315638382159876940e+00 8.289156822864761409e+00
8.924265794710967370e+00 1.345145105554612641e-01 6.368741003209932305e-01
6.199237289190681288e+00 8.787001871718162604e+00 2.988291522455186477e+00
1.838651855595690998e+00 9.522036861641938188e+00 1.257133337914134730e+00
6.307690430687051819e-01 6.909401779529842358e+00 3.675744459069488990e+00
9.126267284777894062e+00 3.626550854309089633e+00 9.310122293887118872e+00
6.765446193351616344e+00 1.093860467095592037e+00 5.530759095040584050e+00
4.987520556721537268e+00 2.010871093783443975e+00 8.705236414207531581e+00
1.698106499784968193e-01 2.561711669497568344e-01 6.563758886904861534e+00
8.928485153040250921e+00 4.076570987235691668e+00 4.686560471480433421e+00
6.109945792245813578e+00 7.872229547641903302e+00 3.256016794661432456e+00
6.711279539177440689e+00 4.902128222741306551e+00 4.804527490385513744e+00
2.377812042037361628e+00 1.457670613178366770e+00 1.807443992555890500e-01
2.736699849463676060e+00 2.586207092107767558e+00 7.361357608250662210e+00
8.673422417110142391e+00 6.192355866653982410e+00 2.878802387391712347e+00
6.984020105050485761e+00 1.567854833517251523e+00 1.080543174925410188e+00
5.534830687599056276e+00 4.698900349891989237e+00 2.980154286302381106e+00
8.418344950978817742e-01 5.471963282839004350e+00 9.762216309068838527e+00
6.371400996625986579e-01 1.071432813024684183e+00 6.310683264550859484e+00
1.025540668703219804e+00 4.955176625929501810e+00 1.067047000224097264e-01
6.288328890169490926e+00 4.601973106113962153e+00 8.829440017702207655e+00
7.222111912400552836e-01 1.608102614351484272e+00 6.846366078202361649e+00
4.084687110346635563e+00 4.779057619330706608e-01 1.663022345307009209e+00
2.267271216251828037e+00 8.019495974382591541e+00 1.052818406034823351e+00
4.690869069204212316e+00 3.052477831496758220e-01 6.536123343644817396e+00
7.701114203116238954e+00 3.571354445521862431e+00 3.749708540654999034e+00
3.510703710335818517e+00 7.862024817185691461e+00 5.293604314113611764e+00
3.505285378776512584e-01 7.235495056667638814e+00 1.809593685503239069e+00
4.354085024357242872e+00 9.285315622945509162e+00 9.446005528485811098e+00
3.260879086195832777e+00 4.922689788112023734e+00 8.742285203880621580e+00
5.036718407228594430e+00 5.899713649611956434e+00 7.826213841909980040e+00
6.395336968336180483e+00 3.579128493384673426e+00 9.247899238138398204e+00
2.411634526617364216e+00 4.688356300324658665e-01 1.910443277087495728e+00
1.472124372156757843e-01 6.294247923503214714e+00 6.187946493051402541e+00
6.572513591640949393e+00 5.830557635236810476e-01 3.325773289027711410e+00
1.434504600239746575e+00 9.663495550898684172e+00 8.608991083574343506e+00
2.402943440766363015e+00 1.702714435450292108e+00 4.061367111355877135e+00
1.050868661016903793e+00 5.821895699351584241e+00 2.400305643768295916e+00
9.561539573700660100e+00 5.342260815410663000e+00 9.099587703045294518e+00
5.885382359024990961e+00 8.571098812260501631e+00 9.654714023683308000e+00
6.828420079751539085e+00 3.183387298170341495e+00 1.569022929760377494e+00
9.901215840117671974e-01 6.096373709706633726e+00 7.856904366864756462e+00
3.786019941289176849e+00 4.367488544475339740e-01 5.082820294456436017e-01
1.712060177304912667e+00 1.209950983543772729e-01 3.528558913710794442e+00
3.594829250206087679e+00 3.925133252131312922e+00 3.354883315724771720e+00
8.819965282294855768e+00 6.884502010911034198e+00 4.997797614709956981e+00
4.346972526741883058e+00 6.598549581332044056e+00 5.291397382666311877e+00
8.928083397509054109e+00 4.649788941893779892e+00 9.096570323135834357e+00
8.135862528806853788e+00 1.452433221385854845e+00 2.441651731884206811e+00
5.480621578533636296e+00 7.581735785935107330e+00 4.320064584144274633e+00
1.675755885952987523e+00 4.139544791116720468e+00 6.026992147557974633e-01
4.664466572307190084e+00 8.652981635242740222e-01 1.627799991471681196e+00
6.648882711519989996e+00 6.411252313497883826e+00 1.687356747479624719e+00
2.222398894073744025e+00 1.008619569478530487e-01 3.836832516072885557e+00
6.269853880147161718e+00 7.201708465019363459e+00 7.680666041079712514e+00
5.221379071604150823e+00 6.408941206661936896e+00 7.986297403934906391e+00
5.943041854493778864e+00 3.435931641773546374e+00 5.198644821175768538e-01
5.948378960574967067e+00 3.709712622066176024e+00 4.900647049226114049e+00
8.994341960703275518e+00 7.273213878455275783e+00 6.548127013656372952e+00
3.356131256923923445e+00 7.007110818834555666e+00 9.895575407748555818e+00
9.665411549778863076e+00 5.795511535431341343e+00 6.637446985362408292e+00
3.805159148484666964e+00 1.937873052470368007e+00 9.278748811588410916e-02
4.400068053578181093e+00 1.615847472420203212e+00 6.117390230926567085e-01
4.519789551872605671e+00 9.199531508324005458e+00 6.807351041497198274e+00
7.133257373991266803e+00 8.114062919120787143e+00 6.785102683526941902e+00
4.450100497042530634e-02 6.345064215244961225e+00 9.712647796881872964e+00
7.741757374617542986e+00 7.879397742880522859e-01 1.283910370493068775e+00
8.245049013273778371e+00 7.512233572757890165e+00 7.996358282936281370e+00
9.710212409949658952e-01 6.740674176431420861e+00 2.230842713100931185e+00
6.329476239175864549e+00 4.690751299680798070e+00 1.825873333543427401e+00
4.817009411320260170e+00 7.644364125325897596e+00 6.005395882924635664e+00
4.552921779898431609e+00 4.715833306894000820e+00 2.723567042785103531e+00
9.332849924565044475e+00 1.667927364909612686e+00 4.110573472146295870e+00
4.410316034384730521e+00 3.017109612824540044e+00 1.607779870935887034e+00
8.444379105682454423e+00 1.001357847469495077e+00 8.892590589261164524e+00
3.182490545151150929e-01 9.726053796157774212e-01 1.770286233202960080e+00
1.384878068081074609e-01 5.404814316011536057e+00 3.038302951015517728e+00
3.119240931432948116e+00 4.123656050080885649e+00 8.068582941155627353e+00
7.336132362846818467e+00 5.086882797764328501e+00 6.858628073891178900e+00
1.242444251547878409e+00 1.917395268713776302e+00 6.155912503466903551e+00
5.486448766189580439e+00 5.843791275377890670e+00 3.122474590435971642e+00
6.540869048896336135e-01 6.697240867273870357e+00 1.000230905968149120e+00
5.235365479821966872e+00 4.808781916847387983e+00 9.644994192769765107e+00
7.510381971173990756e+00 7.556448066164799471e+00 2.784611863277199006e+00
7.059430346331774242e-01 9.777016154638948464e+00 6.704519117916431625e+00
8.913232502765145782e+00 7.231099257443775130e+00 7.023989521422744353e+00
7.416289588484914930e+00 2.658075857582686830e-01 8.601787084230294589e-01
2.088789494343323838e-01 3.366049795129283595e+00 2.998277257668936713e+00
6.667568222705824610e+00 9.255241642477425756e+00 6.126596611786490953e+00
5.202809354827571120e+00 7.768776268875907220e+00 2.897339427248896371e+00
6.876107770193344848e+00 5.581715962535232833e+00 4.793923058876452536e+00
7.094984880510606828e+00 7.686465593738085467e+00 4.891501912980197986e+00
9.642630289059955118e+00 7.843793682240161047e+00 2.272909528049396055e+00
4.373575472980890666e+00 3.796955287032016457e+00 2.703583739990723878e+00
1.132166132934343539e+00 1.489687494398842516e+00 4.954597619401084785e+00
2.033168321271616730e-01 3.093830335308140889e+00 8.227861691103040442e+00
8.092018333292696042e+00 7.996695300947087581e+00 8.044551644812374391e+00
3.288560063832416169e+00 2.629371635260087103e+00 4.276579789975972545e+00
6.859102763936361313e+00 8.561468951831688656e+00 2.621226608641908928e+00
9.014544713145777877e-01 3.438667884647475859e+00 1.758385591799519476e+00
1.087647481836249153e+00 8.311179970370320191e+00 3.589751018437806529e+00
1.795155423345471402e+00 2.057177483062066159e+00 7.131321476839824758e-01
8.486551273430874787e+00 2.793030232918980449e+00 6.524363807545528360e+00
7.931536484081616933e+00 1.256866551353286177e+00 7.864950307277322139e+00
4.180949675604987092e+00 5.408568346935195059e+00 3.237109382134422120e+00
5.401835341171629779e+00 7.979778465490223738e+00 2.922503228181969614e+00
7.825541621513131041e+00 1.607357339596771073e+00 3.450174158218908271e+00
4.761601571666285171e-01 6.038579266246708599e+00 6.028352358417088386e-01
2.408985570140753651e+00 8.462735619179461821e+00 3.191573427948097841e+00
4.160746241131986878e+00 6.274006901298871064e+00 1.662801427458929782e+00
2.579309635784331256e+00 2.958620288734091552e+00 2.506822558108454668e+00
1.364972471771344065e+00 9.723943547057467551e-01 3.607493384660802604e+00
5.178310857293427993e+00 9.608999617966777151e+00 2.423337383098076447e+00
4.461529384944888044e+00 4.561532288223868470e-02 1.443552488610805318e+00
1.849846919029409786e+00 2.311573451941379975e+00 5.796649898819445923e+00
2.884205762117123761e+00 1.963638909613106831e+00 1.683334143249269887e+00
6.735670045616554802e+00 3.604386623634137088e-01 1.079818915363092158e+00
4.116699356510148178e+00 3.036940839890625021e+00 5.243239700068034637e+00
2.919976108941151338e+00 2.619620885738904725e+00 3.228313096509338731e-01
7.705108112603337389e+00 3.784019944465462970e+00 7.697888355281730099e+00
8.688375914620383611e+00 1.879518924413913217e+00 5.716371703870989585e+00
1.748256857354695271e+00 6.017594232017814626e+00 4.973002127092015279e+00
1.878959990875415098e+00 2.871607587343971701e+00 3.273160231959194810e+00
2.919102512553809703e+00 5.021242130007774307e+00 8.991468990570197661e+00
6.979327730439603528e+00 6.159467788565619273e+00 4.143418328073689594e+00
1.911532007681773226e+00 7.972161890590198752e+00 6.650482532209316844e+00
4.220667374832276497e-01 6.429555827139987301e+00 5.088163569076263215e+00
3.585501780158431906e+00 5.440918361774111922e+00 2.876785721372118410e+00
6.007978000236957605e+00 5.152443071465793167e+00 3.672789658478357921e+00
4.895428158254522266e-01 2.052877150091187985e+00 2.964335731017231357e-01
5.484261187235053292e+00 1.642378961604785692e+00 2.560433657677524621e+00
8.630240848329631120e+00 6.819465462189198135e+00 5.534744833368316463e+00
5.106459088144812419e+00 9.400588652282731772e+00 6.959485838999124319e-01
9.383316163519472841e-01 7.957219508063890778e+00 7.296264534110685762e-01
4.766369742276391541e+00 8.981664454738231385e+00 4.367084080949316771e+00
1.178097364354918630e+00 4.953335942620562538e-01 5.560495754116759670e+00
4.342153327325384282e+00 7.473379752681736932e+00 7.594248214861096358e+00
2.267860840201625372e+00 9.270711830639662310e+00 8.315948954059747322e+00
7.059675547233962511e+00 7.785757062452517197e+00 1.154317070732557848e+00
5.175972383432956292e+00 8.963615753800946440e-01 2.738212476209311852e-02
1.945268661253761744e+00 8.804955663782985553e+00 9.745053712678348745e+00
2.395419651068561251e+00 6.494529502775428398e+00 5.518542291506253861e+00
2.529513019557741771e+00 3.533602381080670263e+00 5.951478907799642393e+00
